Name: Panos Sidiropoulos
AFM: 222222222
Income: 75000.0
Basic Tax: 4867.94
Tax Increase: 389.43519999999995
Total Tax: 5257.3751999999995
TotalReceiptsGathered: 5
Entertainment: 0.0
Basic: 278.0
Travel: 100.0
Health: 147.0
Other: 0.0
